+12315857408
+18135378712
+12311671743
+18139709159
+12313556591
+12314084132
+18135235058
+18130927136
+18136735721
+12315065634
+18136482982
+12316947457
+12315072592
+18131792438
+18130939025
+18136733209
+18136410881
+12310178957
+12319211520
+12313161496
+12311986949
+12311084814
+12314609147
+12313724339
+12316617360
+12315486267
+18133399898
+12316059263
+18139106936
+18138445795
+12319247543
+18132206809
+18136299942
+18136391234
+18134368829
+12319461830
+18130830912
+12316159499
+18134418439
+12318527880
+18130594474
+18130873611
+18135318420
+12318531412
+18138995679
+18139564756
+12311415024
+18135394377
+12315183234
+18132990800
+12318425549
+18135001649
+12316386077
+12313267758
+18131978020
+18131932829
+18130561073
+12315184246
+12310739828
+12313821347
+18139832692
+12315578624
+12310009724
+12318743422
+12315098600
+18136370619
+18137218935
+18130269140
+12312577873
+18132175932
+18130346293
+12319270462
+12312695616
+12312127808
+12317187625
+12316402889
+18137806030
+12311905790
+12311678408
+12317360811
+12315534191
+18133850666
+12311570387
+12319979112
+12314151921
+12313143312
+12318102929
+12317213060
+12311031625
+12317559482
+18130348553
+12311952884
+18134759395
+12314725372
+12313016073
+12316001311
+12315544231
+18132577980
+18132903190
+12312149868
+18137707055
+18138678578
+12319259730
+12312705026
+18137449575
+12313946220
+18138428843
+18139573131
+18130226804
+18134125391
+18136507850
+12319260783
+12315264657
+18136862552
+12311595531
+12311952770
+12311847250
+12310964064
+18135846130
+12311241954
+18130485447
+12317463549
+18133810277
+18139883423
+18137816769
+18133025676
+12315509816
+12315791558
+12314667573
+12313199286
+12314094694
+18135792864
+18131344336
+12312434457
+18138935315
+12314852735
+18137310654
+12316207440
+12312860103
+18131775884
+12311209599
+18132722862
+12317626891
+12313211870
+18138286400
+18137921657
+18130305656
+12317152535
+18134928830
+12317702227
+18130821949
+18137800969
+18131612423
+18134590038
+18130648979
+12314281073
+12315429242
+18133838298
+18131390605
+18139105055
+18133596548
+18136277072
+18139984046
+18137820778
+12316231878
+18134145193
+12316411590
+12311422478
+18131621476
+18132259200
+12311779830
+18131425622
+12312295698
+18138043664
+12315684949
+18139866963
+18130543143
+18137153616
+18137497692
+18137832638
+12312229381
+18137359107
+18138634958
+18139371491
+18136258785
+12310090929
+12314063600
+18131914444
+12310325686
+18135379090
+18133592939
+18136436841
+18135131417
+18138544149
+18132049686
+12310053754
+18131793270
+18138573151
+18139174524
+18132185643
+18134462085
+12313595900
+12319263019
+12316435528
+12316832297
+18134193501
+18132032673
+12319004666
+18134156742
+18136074070
+18138611527
+12311816260
+18136401450
+18138704027
+12310160319
+12319192174
+12317106835
+18139432666
+18135172062
+18135604134
+12311984695
+12319091958
+12319911768
+18133872017
+12319694894
+18132638111
+18134010325
+12316869932
+18139983863
+12316191479
+18132874379
+12312957538
+18138691804
+18132713580
+12314372401
+18138159581
+12319874805
+18131926236
+12311052114
+18137725863
+18136816821
+12316289727
+12317345215
+18130899139
+18136254726
+12316764861
+18132048009
+18132832993
+18132735373
+18138708093
+18136796729
+12317288565
+12317267433
+18137215520
+18133900701
+18132286523
+12317040870
+12311177168
+12314804650
+12314852046
+18133805538
+12314341718
+18133538026
+18131060141
+12314053507
+12317054885
+18131829887
+18138411591
+18137015283
+18136179376
+12317718086
+12314481055
+18130360345
+12317198306
+18137294757
+18137056597
+18130644098
+18137764065
+18139754717
+18135326803
+12312026851
+12310386472
+18135633908
+18130212681
+18135631005
+18139271290
+12319100787
+18139246139
+18139883894
+18132612626
+18139155380
+18133468690
+18134317188
+18133598561
+12319360473
+12310115354
+18137900072
+12310631727
+18136021161
+18133159739
+12313389637
+12314507887
+12316832839
+18138325947
+18132985839
+12313964979
+18134307738
+12315392034
+18131601494
+18132083514
+18137392071
+12311705678
+18138537518
+18133864154
+18134683045
+18132154043
+18138542246
+12311278850
+18130358004
+12316175832
+12318185028
+18132692074
+18138479627
+18137300671
+12319555235
+12310922361
+12314874689
+12314738736
+18131049052
+18131240497
+12311818317
+18137929799
+12315778301
+12319438162
+18135581977
+18133386920
+12318956351
+18131224511
+12316650539
+12310843832
+18133881334
+12314189899
+18130947663
+12311034381
+12318479105
+18136013079
+18135441200
+18133959954
+12318603572
+12311097845
+18131388462
+12319655024
+12313222875
+12315442388
+12317548468
+18139852759
+12310877178
+12314304575
+12317638919
+12316386298
+18131507713
+18138295321
+18131128276
+18136434566
+12318317436
+12313311312
+18138812618
+12315195437
+18136749734
+18132643794
+18138855943
+12313790859
+12313382552
+12317151702
+18132262818
+18134663059
+12315507887
+18132058200
+12317790114
+12312083847
+18132668612
+18131573977
+12318833442
+18130287300
+12315860088
+12314933084
+12318102696
+12316775928
+12312824616
+18138055446
+12315561820
+18134614140
+12317711567
+12313309922
+18138883657
+12310160710
+12317075390
+12314104360
+18134462351
+18137267773
+12312658642
+18137058551
+12315252055
+18136468287
+12316752765
+12314147237
+18139174708
+18132626383
+18130663915
+18139970239
+12311344434
+12314602957
+12311967716
+12317738334
+18134227053
+12317281009
+12314270026
+12310009498
+12316436805
+12315038390
+12315594726
+12315901789
+18135108850
+18139248779
+12315769012
+18131044283
+12316936204
+18132149744
+12311212226
+18137123873
+18138585934
+18133135177
+18134650208
+12318379963
+18131087815
+18136198073
+12311982102
+12310075154
+12312611046
+18138350334
+12313572268
+18135676092
+12319512482
+12310818566
+18130863852
+18130028951
+12317984038
+12317437194
+18131485526
+18137466571
+12317755362
+18139051965
+12310670251
+12312940691
+18138276424
+18136720501
+12316699602
+12316197867
+12316929718
+12315748760
+12311223103
+12315096067
+12315613235
+18137905376
+12311721581
+12317924406
+18130018533
+18138739207
+12318266464
+12313555147
+18131921890
+12311358932
+18139700219
+18135116467
+12312168337
+18136047676
+12314902845
+18139397090
+18134857275
+18131711815
+12316991009
+18133156951
+18132933580
+18130724518
+12314863455
+18132053530
+12312917352
+12316290770
+18135060134
+12316598010
+18133410465
+18136710586
+12310192109
+12311917086
+12310495029
+12313688878
+18135293682
+12311396080
+12315754407
+12310607274
+12319432891
+12313950315
+18133227072
+12311942313
+12318136975
+18132987110
+12314179644
+18139735259
+18136339515
+12314041444
+18133579743
+12318444866
+12311311016
+18138307094
+18133927699
+18134863970
+18136089211
+18133420480
+18136412396
+18132287793
+18138558785
+12313577131
+12319096117
+12310118016
+18132370052
+18134820691
+18135833723
+12311043382
+18130838944
+12310503647
+18135226589
+18134317412
+18137241404
+12316720153
+18132764924
+18131443475
+18135768824
+12310572431
+12310776405
+18135785240
+12319877892
+18136305834
+12318452966
+12319274692
+18137127036
+12318954128
+12310930949
+12311235045
+18132278245
+12311537048
+12313096734
+12317241469
+12319297990
+18134917927
+12310903152
+12317206102
+12316722837
+18134818619
+18134998672
+12318473462
+18132597655
+18131489651
+12313626674
+18134930019
+18131761788
+18138151880
+12315024397
+18132113391
+12318212298
+12311176651
+12317753615
+12313239597
+12314252189
+12317749918
+18134849952
+18134715067
+18135211235
+18134105599
+12314782034
+18132197903
+18132439061
+12311213945
+12316122344
+12314281433
+18131946531
+18134457178
+18139539670
+18132249831
+12316060245
+12314745921
+18131215640
+12313654737
+12313007732
+12316143301
+12317001882
+12316872743
+18135045053
+18136587881
+18133860885
+18132111768
+18130674651
+12317696109
+18130769287
+18131423185
+12311280897
+12313246602
+12313628637
+18136830771
+12313766218
+18133974585
+18138102356
+12316871192
+18132158579
+12314656956
+18132280470
+12319287331
+12312311038
+12311482773
+18134482128
+12315298753
+12317737866
+18136163495
+12316480077
+12318082786
+18130904589
+18130624311
+18130033411
+18133747906
+18133150311
+12315881238
+12310389527
+18137019086
+12313966474
+12319482204
+12317192559
+12316937306
+12312014215
+12314817860
+18130614362
+12317767499
+12310021104
+18136786152
+12315825680
+12310064361
+18137813013
+12312601687
+18136630344
+12311769890
+18137428648
+12318251939
+18139214966
+12312950449
+12317936120
+12313865120
+12313441421
+12310529201
+12311278197
+12315005182
+18134696466
+12310765292
+12319865773
+12316410337
+18138468642
+18131436924
+12318564056
+12316577820
+12316655143
+12312066311
+12313427657
+18138182256
+12316617698
+18134148261
+18131252137
+18132060009
+12311687133
+18132551557
+12317617274
+12315580132
+12314722951
+12317526210
+18132184881
+18134189154
+12313368047
+18139602097
+18136149837
+18139423351
+18137814733
+18132910020
+12310867502
+18135901808
+12317110698
+12316461278
+18139707164
+12310532205
+12314147066
+12310406998
+12312665678
+18130576049
+12314574528
+12315478057
+18136979820
+12311472104
+12312528273
+12318033657
+18137409679
+18132460579
+12312773574
+12314482676
+18134787536
+12313784401
+12314754252
+18130597553
+18136438081
+18133770404
+12319990264
+12317956918
+18131278137
+12319501018
+18133322882
+18130916021
+18133461113
+18132947071
+12311462440
+18139806679
+12313579492
+12311665482
+18138232536
+12312887193
+12316569357
+18135495033
+18139544717
+18138423521
+12313846736
+12312846916
+12316697008
+18139649330
+12315757297
+12313783116
+18139364292
+12310954001
+18132569413
+18135463178
+12317643365
+18132214196
+18131686082
+12313026011
+18137340207
+18134213247
+12315803982
+12310553054
+12319395418
+12311330273
+12319651096
+12316668314
+12316257187
+18138978979
+12313678301
+12319354875
+12317713355
+18139755774
+18134880876
+18131660458
+12312246314
+18134054777
+18138020299
+18139851019
+12312098808
+18135074405
+12312551754
+18131714044
+18133762103
+12318063041
+12316828237
+12311522343
+18135613523
+12316453891
+18139995985
+18138288448
+18139203109
+12318901826
+12319793345
+18130314296
+18133105894
+12317191498
+18137328670
+12317299443
+18138452472
+18137807349
+12312841983
+18132974068
+18136451921
+12315949122
+12319826233
+12314172200
+12315386826
+18135027636
+18139966797
+18133842871
+18139826564
+12317474616
+12315358745
+12312471311
+18133259238
+12313255104
+18132261057
+12315323745
+18132268057
+18137872165
+12318931318
+12316984667
+18132935869
+12318263863
+12316295247
+18139998303
+12313676999
+18138793956
+18137034058
+12318021765
+18131103256
+12316217035
+18130272907
+12314532564
+12311227254
+18136811584
+12319600444
+18136490902
+18139612683
+18137450802
+18135524568
+12311772617
+18132356866
+18133933555
+12315409896
+18136227725
+12312246498
+18137615629
+12316133763
+18136789724
+12312231779
+12317973610
+12316906720
+18130752088
+12311828436
+18138504640
+12311696145
+12310038928
+12315348425
+18130546272
+18135173240
+12316181647
+18139180521
+12313783956
+12310393155
+18133104073
+18133746142
+18135157421
+12313988688
+12312612135
+18139255171
+12310106187
+18135515680
+12311948514
+12315812306
+12316786307
+12313856884
+12319315225
+12319088311
+18138629018
+12310223193
+18134011738
+12319613770
+18137160732
+12315904383
+12310555969
+12316819160
+18130594527
+12318877555
+12311375646
+12311784584
+18135548296
+12315878922
+12313037035
+18130953111
+12316727951
+12314661653
+18138741857
+18135003017
+18132800431
+18139194466
+12315772284
+18130540804
+12313470122
+18130771334
+18137864909
+12316322416
+12316442338
+18136517284
+12314822074
+12310683477
+18134119267
+12316321587
+18133164824
+12315419267
+12318504311
+18133762088
+18134915418
+12318984748
+18134074926
+12315799813
+18130717693
+18138369813
+18133044510
+12312881956
+18139257964
+12311147839
+12314085361
+18136038412
+12318160635
+18139001981
+18133011943
+12311125076
+18130490504
+18130419412
+18139524468
+18132006937
+12317591577
+12319387340
+18134448084
+18132078323
+18133197947
+12311466460
+18135084042
+12315252398
+18131282556
+12310026137
+12316447269
+12312683596
+12316202485
+12316167068
+12317265073
+18132104385
+18133269750
+18136445359
+12311932773
+12318310789
+18134271731
+12318280411
+18138905473
+18131726616
+12317007281
+12310098177
+18133519761
+18131387705
+18136862608
+12315813809
+12313061575
+12318275145
+18131072016
+12312033081
+12317829248
+18130198386
+18133708797
+18138438354
+18138225367
+12315783670
+12319548475
+12312800940
+12318167633
+18138861653
+18134869764
+12312895721
+12311121607
+12315964886
+12318149105
+18136666416
+18134887805
+12317672268
+12311158207
+18134811875
+18135938933
+12314237947
+18138871603
+12311852852
+18136646454
+12314111840
+12315800698
+12313412975
+18135194421
+18139045362
+18135692537
+18139868461
+18136383595
+12318281449
+18131565704
+18139021108
+12318719224
+18130452361
+18137538852
+12315394804
+12312391531
