+17184067575
+17183003612
+17183603608
+17185078752
+17188447823
+17180338988
+17187153352
+17186072266
+17185416299
+17184048899
+17183409749
+17188776810
+17184045795
+17187102182
+17184138732
+17184267717
+17185031373
+17184834545
+17187047475
+17185326730
+17186733952
+17189022292
+17182080149
+17189863224
+17189891105
+17188388380
+17187917227
+17188082440
+17182855424
+17183980977
+17189095225
+17189156417
+17189386776
+17189247338
+17188107742
+17182900864
+17185002567
+17187376717
+17186661642
+17189383795
+17188449238
+17188043710
+17183744367
+17185097380
+17189306017
+17184907070
+17189168838
+17185105679
+17184151820
+17183167033
+17189285415
+17186756687
+17185000300
+17189255549
+17183504712
+17185281098
+17186737542
+17184153132
+17187534827
+17186647600
+17189252684
+17189305326
+17184276892
+17189269245
+17189154450
+17182197170
+17189389130
+17184407872
+17187494539
+17185703388
+17182008692
+17184906089
+17183004207
+17186882307
+17189025242
+17183095837
+17188656923
+17185527309
+17186639857
+17183443282
+17185764144
+17181407430
+17187756603
+17187373380
+17183162439
+17184967146
+17186298731
+17183607484
+17186826186
+17186158809
+17187515531
+17185511420
+17184794196
+17182136772
+17185536023
+17182137239
+17181235514
+17188128370
+17187039595
+17188780141
+17183567489
+17185106312
+17180775279
+17185517327
+17182016133
+17187081518
+17184450919
+17187955469
+17183021933
+17187570583
+17189643030
+17187901115
+17188703974
+17182889177
+17187628136
+17184964968
+17182674714
+17187757302
+17187647362
+17185360443
+17187028729
+17188640006
+17187818001
+17183507928
+17188448735
+17187903155
+17187444247
+17188033110
+17188444249
+17183168930
+17187818958
+17187106619
+17187958308
+17187907659
+17187991107
+17189381969
+17186796949
+17188259043
+17183885415
+17182197946
+17185105949
+17186872095
+17187106471
+17185511489
+17184133738
+17189864132
+17187496074
+17187727166
+17189166336
+17186078053
+17188256177
+17185367522
+17186870889
+17188103567
+17189160299
+17185940158
+17183443862
+17184270935
+17185764313
+17185027004
+17184506468
+17186002618
+17184502264
+17188013331
+17184273632
+17182072826
+17184064927
+17182855561
+17189267538
+17184908472
+17183448733
+17186969056
+17183003490
+17183100150
+17181604155
+17184275394
+17184504211
+17183927023
+17182166016
+17187114026
+17187902678
+17189308596
+17188221311
+17184061190
+17186745653
+17185000274
+17186685152
+17188856530
+17186316465
+18137703733
+18134828881
+18133947914
+18134660382
+18133656028
+18136961565
+18137315137
+18133854692
+18133175952
+18134177191
+18135676686
+18133098439
+18133840450
+18135662042
+18134694463
+18137083773
+18135067506
+18134472420
+18133359718
+18135266847
+18135315003
+18133174401
+18135059056
+18133996744
+18134801832
+18132703417
+18139286871
+18135098800
+18139279235
+18137931918
+18133618566
+18133319302
+18137704904
+18134987233
+18137708075
+18135219909
+18134970380
+18134590478
+18136097367
+18133001328
+18134198844
+18136142733
+18133357919
+18138471060
+18132700050
+18136067119
+18138048901
+18134768781
+18136946539
+18139566650
+18135809919
+18134059475
+18133002326
+18133905999
+18134545677
+18133341497
+18139653818
+18139246076
+18133636440
+18138533598
+18138040373
+18138207993
+18134532699
+18132988216
+18137703950
+18132440935
+18137310086
+18135058883
+18137160001
+18134167530
+18137604686
+18134047971
+18132037347
+18136469380
+18138122836
+18134514951
+18132156721
+18133175876
+18134759697
+18134844465
+18138423469
+18137870257
+18136795967
+18138022245
+18138369312
+18139679045
+18135176236
+18138174980
+18133593371
+18134783284
+18135057360
+18138434574
+18139186090
+18134994832
+18134815741
+18137132982
+18135572771
+18132974332
+18133998880
+18134473891
+18134283760
+18136704821
+18134475746
+18134545340
+18134640013
+18134553018
+18133610042
+18133627882
+18132632079
+18132448056
+18135327738
+18133579299
+18135462432
+18133638613
+18137316305
+18132454220
+18135982520
+18133109126
+18134856592
+18133126416
+18134476938
+18134802874
+18135271506
+18134473568
+18137669377
+18139925422
+18134645490
+18137662814
+18135765149
+18136522744
+18135348574
+18134654328
+18139194553
+18137788526
+18137431203
+18139657697
+18133219938
+18134930569
+18137646560
+18135315673
+18135312852
+18135061297
+18138164065
+18133941919
+18134265437
+18135915358
+18134100898
+18132793510
+18134061568
+18137789175
+18139008731
+18137607278
+18135129491
+18133808121
+18138462688
+18135919426
+18134521205
+18137480143
+18133636915
+18133306613
+18136504458
+18133357138
+18134595415
+18133896373
+18133182603
+18135108106
+18134208504
+18133682705
+18135177459
+18132305957
+18132207883
+16785218303
+16789139221
+16788295161
+16784461112
+16783604914
+16784343348
+16785385358
+16787678533
+16787802774
+16785176677
+16787557270
+16787916913
+16785995239
+16784622978
+16784294463
+16785088098
+16786655513
+16786135556
+16788638176
+16785950880
+16785240320
+16788789201
+16786343322
+16784479793
+16783611115
+16783345636
+16787701263
+16785094856
+16786146539
+16787897569
+16789270109
+16789239350
+16786980389
+16784583898
+16783905263
+16788626784
+16786088963
+16789278714
+16782580696
+16788515788
+16789333057
+16785205334
+16787049003
+16783235363
+16786972349
+16784105017
+16785088133
+16785173859
+16783588532
+16784370021
+16785920792
+16783167872
+16789082449
+16787643006
+16787682513
+16786568624
+16783651359
+16785387952
+16785080593
+16783387207
+16786872202
+16784007973
+16787548246
+16785246697
+16788336410
+16785089877
+16784277402
+16784632725
+16789829507
+16787730801
+16787941119
+16784282537
+16788970040
+16785229101
+16789071318
+16784461518
+16789938442
+16783003923
+16789755174
+16787777945
+16784577312
+16786306808
+16788528107
+16786127781
+16789493496
+16785397339
+16788309277
+16784389010
+16786773323
+16782375835
+16786756339
+13123589917
+13125455583
+13129785222
+13125980569
+13122709989
+13125451789
+13127143094
+13122178399
+13124801344
+13128388764
+13126363039
+13124805169
+13123030470
+13129751359
+13123751864
+13126239055
+13125058592
+13128630059
+13127744020
+13122170011
+13124144218
+13128598964
+13123076179
+13128355932
+13122219962
+16786994117
+16784482553
+16787326566
+16789146352
+16787326731
+16785285006
+16787584077
+16786728337
+16788588681
+16786213203
+16783380548
+16787778692
+16783140015
+12316222507
+12318444333
+12317362020
+12313426662
+12315982160
+12315342132
