+12315857408
+18135378712
+12311671743
+18139709159
+12313556591
+12314084132
+18135235058
+18130927136
+18136735721
+12315065634
+18136482982
+12316947457
+12315072592
+18131792438
+18130939025
+18136733209
+18136410881
+12310178957
+12319211520
+12313161496
+12311986949
+12315394804
+12311084814
+12314609147
+12313724339
+12316617360
+12315486267
+18133399898
+12316059263
+18139106936
+18138445795
+12319247543
+18132206809
+18136299942
+18136391234
+18134368829
+12319461830
+18130830912
+12316159499
+18134418439
+12318527880
+18130594474
+18130873611
+18135318420
+12318531412
+18138995679
+18139564756
+12311415024
+18135394377
+12315183234
+18132990800
+12318425549
+18135001649
+12316386077
+12313267758
+18131978020
+18131932829
+18130561073
+12315184246
+12310739828
+12313821347
+18139832692
+12315578624
+12310009724
+12318743422
+18137218935
+12315098600
+18136370619
+18130269140
+12312577873
+18132175932
+18130346293
+12319270462
+12312695616
+12312127808
+12317187625
+12316402889
+18137806030
+12311905790
+12311678408
+12317360811
+12315534191
+18133850666
+12311570387
+12319979112
+12314151921
+12313143312
+12318102929
+12317213060
+12311031625
+12317559482
+18130348553
+12311952884
+18134759395
+12314725372
+12313016073
+12316001311
+12315544231
+18132577980
+18132903190
+12312149868
+18137707055
+18138678578
+12319259730
+12312705026
+18137449575
+12313946220
+18138428843
+18139573131
+18130226804
+18134125391
+18136507850
+12319260783
+12315264657
+18136862552
+12311595531
+12311952770
+12311847250
+12310964064
+18135846130
+12311241954
+18130485447
+12317463549
+18133810277
+18139883423
+18137816769
+18133025676
+12315509816
+12315791558
+12314667573
+12313199286
+12314094694
+18135792864
+18131344336
+12312434457
+18138935315
+12314852735
+18137310654
+12316207440
+12312860103
+18131775884
+12311209599
+18132722862
+12317626891
+12313211870
+18138286400
+18137921657
+18130305656
+12317152535
+18134928830
+12317702227
+18130821949
+18137800969
+18131612423
+18134590038
+18130648979
+12314281073
+12315429242
+18133838298
+18131390605
+18139105055
+18133596548
+18136277072
+18139984046
+18137820778
+12316231878
+18134145193
+12316411590
+12311422478
+18131621476
+18132259200
+12311779830
+18131425622
+12312295698
+18138043664
+12315684949
+18139866963
+18130543143
+18137153616
+18137497692
+18137832638
+12312229381
+18137359107
+18138634958
+18139371491
+18136258785
+12310090929
+12314063600
+18131914444
+12310325686
+18135379090
+18133592939
+18136436841
+18135131417
+18138544149
+18132049686
+12310053754
+18131793270
+18138573151
+18139174524
+18132185643
+18134462085
+12313595900
+12319263019
+12316435528
+12316832297
+18134193501
+18132032673
+12319004666
+18134156742
+18136074070
+18138611527
+12311816260
+18136401450
+18138704027
+12310160319
+12319192174
+12317106835
+18139432666
+18135172062
+18135604134
+12311984695
+12319091958
+12319911768
+18133872017
+18132638111
+18134010325
+12316869932
+18139983863
+12316191479
+18132874379
+12312957538
+18138691804
+18132713580
+12314372401
+18138159581
+12319874805
+18131926236
+12311052114
+18137725863
+18136816821
+12316289727
+12317345215
+18130899139
+18136254726
+12316764861
+18132048009
+18132832993
+18132735373
+18138708093
+18136796729
+12317288565
+12317267433
+18137215520
+18133900701
+18132286523
+12317040870
+12311177168
+12314804650
+12314852046
+18133805538
+12314341718
+18133538026
+18131060141
+12314053507
+12317054885
+18131829887
+18138411591
+18137015283
+18136179376
+12317718086
+12314481055
+18130360345
+12317198306
+18137294757
+18137056597
+18130644098
+18137764065
+18139754717
+18135326803
+12312026851
+12310386472
+18135633908
+18130212681
+18135631005
+18139271290
+12319100787
+18139246139
+18139883894
+18132612626
+18139155380
+18133468690
+18134317188
+18133598561
+12319360473
+12310115354
+18137900072
+12310631727
+18136021161
+18133159739
+12313389637
+12314507887
+12316832839
+18138325947
+18132985839
+12313964979
+18134307738
+12315392034
+18131601494
+18132083514
+18137392071
+12311705678
+18138537518
+18133864154
+18134683045
+18132154043
+18138542246
+12311278850
+18130358004
+12316175832
+12318185028
+18132692074
+18138479627
+18137300671
+12319555235
+12310922361
+12314874689
+12314738736
+18131049052
+18131240497
+12311818317
+18137929799
+12315778301
+12319438162
+18135581977
+18133386920
+12318956351
+18131224511
+12316650539
+12310843832
+18133881334
+12314189899
+18130947663
+12311034381
+12318479105
+18136013079
+18135441200
+18133959954
+12318603572
+12311097845
+18131388462
+12319655024
+12313222875
+12315442388
+12317548468
+18139852759
+12310877178
+12314304575
+12317638919
+12316386298
+18131507713
+18138295321
+18131128276
+18136434566
+12318317436
+12313311312
+18138812618
+12315195437
+18136749734
+18132643794
+18138855943
+12313790859
+12313382552
+12317151702
+18132262818
+18134663059
+12315507887
+18132058200
+12317790114
+12312083847
+18132668612
+18131573977
+12318833442
+18130287300
+12315860088
+12314933084
+12318102696
+12316775928
+12312824616
+18138055446
+12315561820
+18134614140
+12317711567
+12313309922
+18138883657
+12310160710
+12317075390
+12314104360
+18134462351
+18137267773
+12312658642
+18137058551
+12315252055
+18136468287
+12316752765
+12314147237
+18139174708
+18132626383
+18130663915
+18139970239
+12311344434
+12314602957
+12311967716
+12317738334
+18134227053
+12317281009
+12314270026
+12310009498
+12316436805
+12315038390
+12315594726
+12315901789
+18135108850
+18139248779
+12315769012
+18131044283
+12316936204
+18132149744
+12311212226
+18137123873
+18138585934
+18133135177
+18134650208
+12318379963
+18131087815
+18136198073
+12311982102
+12310075154
+12312611046
+18138350334
+12313572268
+18135676092
+12319512482
+12310818566
+18130863852
+18130028951
+12317984038
+12317437194
+18131485526
+18137466571
